1715075021.379089,tokenizer,0.41504597663879395,25055,20390,20748,20862,32,0,0,Llama-2-70b-chat-hf,4,startup,0,32,argonne-swing,84,40960.0,34185.6875,40960.0,35317.6875,40960.0,35317.6875,40960.0,30921.6875
1715075021.794135,model load,282.45785546302795,15618075,15782377,16009990,16208602,32,0,0,Llama-2-70b-chat-hf,4,startup,0,32,argonne-swing,223,40960.0,34185.6875,40960.0,35317.6875,40960.0,35317.6875,40960.0,30921.6875
1715075304.3740087,start-inference-A-8,4.641672611236572,309214,300200,304954,299812,8,9,8,Llama-2-70b-chat-hf,4,What is the largest city in France?,17,32,argonne-swing,223,40960.0,34335.6875,40960.0,35465.6875,40960.0,35465.6875,40960.0,31069.6875
1715075309.045511,start-inference-A-16,3.299469470977783,288861,270027,272417,256092,16,9,16,Llama-2-70b-chat-hf,4,What is the largest city in France?,25,32,argonne-swing,211,40960.0,34337.6875,40960.0,35467.6875,40960.0,35467.6875,40960.0,31069.6875
1715075312.3700073,start-inference-A-32,6.564976453781128,589718,548709,554988,542089,32,9,32,Llama-2-70b-chat-hf,4,What is the largest city in France?,41,32,argonne-swing,85,40960.0,34369.6875,40960.0,35467.6875,40960.0,35467.6875,40960.0,31071.6875
1715075319.1342902,start-inference-A-64,14.122347116470337,1252882,1200786,1215765,1183631,64,9,64,Llama-2-70b-chat-hf,4,What is the largest city in France?,73,32,argonne-swing,219,40960.0,34375.6875,40960.0,35495.6875,40960.0,35495.6875,40960.0,31095.6875
1715075333.282933,start-inference-A-128,29.583410501480103,2721209,2530139,2570428,2496739,128,9,128,Llama-2-70b-chat-hf,4,What is the largest city in France?,137,32,argonne-swing,209,40960.0,34395.6875,40960.0,35511.6875,40960.0,35511.6875,40960.0,31117.6875
1715075362.893035,start-inference-A-256,68.46594738960266,6742139,6266122,6387543,6152840,256,9,256,Llama-2-70b-chat-hf,4,What is the largest city in France?,265,32,argonne-swing,88,40960.0,34517.6875,40960.0,35579.6875,40960.0,35579.6875,40960.0,31215.6875
1715075431.3898075,start-inference-A-512,171.209237575531,20676390,19710722,19903232,18292216,512,9,512,Llama-2-70b-chat-hf,4,What is the largest city in France?,521,32,argonne-swing,93,40960.0,36051.6875,40960.0,36009.6875,40960.0,36009.6875,40960.0,31969.6875
1715075602.6541007,start-inference-A-1024,496.9145140647888,71897312,70043995,72335451,66663814,1024,9,1024,Llama-2-70b-chat-hf,4,What is the largest city in France?,1033,32,argonne-swing,213,40960.0,35785.6875,40960.0,37903.6875,40960.0,37903.6875,40960.0,34947.6875
1715076099.6582267,start-inference-A-2048,1663.6726236343384,254217324,249102794,259971413,239795466,2048,9,2048,Llama-2-70b-chat-hf,4,What is the largest city in France?,2057,32,argonne-swing,223,40960.0,36313.6875,40960.0,40161.6875,40960.0,40161.6875,40960.0,37479.6875
1715077763.4126194,start-inference-B-8,1.8108198642730713,170530,184117,198811,183020,8,21,8,Llama-2-70b-chat-hf,4,Can you explain the difference between a simile an,29,32,argonne-swing,221,40960.0,34363.6875,40960.0,35493.6875,40960.0,35493.6875,40960.0,31093.6875
1715077765.2600179,start-inference-B-16,3.756755828857422,326534,299680,328825,314877,16,21,16,Llama-2-70b-chat-hf,4,Can you explain the difference between a simile an,37,32,argonne-swing,217,40960.0,34337.6875,40960.0,35467.6875,40960.0,35467.6875,40960.0,31071.6875
1715077769.0439048,start-inference-B-32,7.370251655578613,636540,605459,623218,597605,32,21,32,Llama-2-70b-chat-hf,4,Can you explain the difference between a simile an,53,32,argonne-swing,92,40960.0,34371.6875,40960.0,35469.6875,40960.0,35469.6875,40960.0,31073.6875
1715077776.4398093,start-inference-B-64,15.445990085601807,1371765,1275636,1324149,1262215,64,21,64,Llama-2-70b-chat-hf,4,Can you explain the difference between a simile an,85,32,argonne-swing,205,40960.0,34375.6875,40960.0,35493.6875,40960.0,35493.6875,40960.0,31097.6875
1715077791.9225826,start-inference-B-128,32.24592971801758,2986722,2770622,2870493,2740372,128,21,128,Llama-2-70b-chat-hf,4,Can you explain the difference between a simile an,149,32,argonne-swing,90,40960.0,34395.6875,40960.0,35513.6875,40960.0,35513.6875,40960.0,31117.6875
1715077824.203548,start-inference-B-256,74.23896551132202,7266812,6766073,6979260,6638778,256,21,256,Llama-2-70b-chat-hf,4,Can you explain the difference between a simile an,277,32,argonne-swing,81,40960.0,34549.6875,40960.0,35579.6875,40960.0,35579.6875,40960.0,31217.6875
1715077898.4823086,start-inference-B-512,181.73884439468384,21772543,20779929,21111258,19025025,512,21,512,Llama-2-70b-chat-hf,4,Can you explain the difference between a simile an,533,32,argonne-swing,94,40960.0,36183.6875,40960.0,36009.6875,40960.0,36009.6875,40960.0,32035.6875
1715078080.28229,start-inference-B-1024,510.5407907962799,72598670,70934236,73211554,67634979,1024,21,1024,Llama-2-70b-chat-hf,4,Can you explain the difference between a simile an,1045,32,argonne-swing,206,40960.0,36041.6875,40960.0,37903.6875,40960.0,37903.6875,40960.0,35075.6875
1715078590.9240522,start-inference-B-2048,1705.838897228241,263684233,257696601,267926405,246934407,2048,21,2048,Llama-2-70b-chat-hf,4,Can you explain the difference between a simile an,2069,32,argonne-swing,86,40960.0,36821.6875,40960.0,40161.6875,40960.0,40163.6875,40960.0,37735.6875
1715080296.8582938,start-inference-C-8,1.7841250896453857,165341,189892,205844,191366,8,38,8,Llama-2-70b-chat-hf,4,What are some effective strategies for managing st,46,32,argonne-swing,210,40960.0,34395.6875,40960.0,35495.6875,40960.0,35493.6875,40960.0,31095.6875
1715080298.6782002,start-inference-C-16,3.7326207160949707,324926,309997,321431,306270,16,38,16,Llama-2-70b-chat-hf,4,What are some effective strategies for managing st,54,32,argonne-swing,94,40960.0,34373.6875,40960.0,35469.6875,40960.0,35469.6875,40960.0,31073.6875
1715080302.4377172,start-inference-C-32,7.543445825576782,665441,626198,645953,624172,32,38,32,Llama-2-70b-chat-hf,4,What are some effective strategies for managing st,70,32,argonne-swing,223,40960.0,34375.6875,40960.0,35493.6875,40960.0,35493.6875,40960.0,31095.6875
1715080310.0075788,start-inference-C-64,15.815550327301025,1431679,1328036,1388689,1318639,64,38,64,Llama-2-70b-chat-hf,4,What are some effective strategies for managing st,102,32,argonne-swing,219,40960.0,34375.6875,40960.0,35493.6875,40960.0,35493.6875,40960.0,31095.6875
1715080325.8512113,start-inference-C-128,34.55908179283142,3219704,2990782,3117129,2975067,128,38,128,Llama-2-70b-chat-hf,4,What are some effective strategies for managing st,166,32,argonne-swing,207,40960.0,34415.6875,40960.0,35513.6875,40960.0,35513.6875,40960.0,31115.6875
1715080360.4408891,start-inference-C-256,77.28023028373718,7674768,7125961,7360549,6969522,256,38,256,Llama-2-70b-chat-hf,4,What are some effective strategies for managing st,294,32,argonne-swing,89,40960.0,34621.6875,40960.0,35579.6875,40960.0,35579.6875,40960.0,31253.6875
1715080437.75675,start-inference-C-512,186.14657831192017,22819113,21698112,22392665,20269131,512,38,512,Llama-2-70b-chat-hf,4,What are some effective strategies for managing st,550,32,argonne-swing,95,40960.0,36319.6875,40960.0,36009.6875,40960.0,36009.6875,40960.0,32103.6875
1715080623.9662416,start-inference-C-1024,524.1773097515106,75644259,73680833,76174973,70197505,1024,38,1024,Llama-2-70b-chat-hf,4,What are some effective strategies for managing st,1062,32,argonne-swing,215,40960.0,36301.6875,40960.0,37903.6875,40960.0,37903.6875,40960.0,35205.6875
1715081148.2505808,start-inference-C-2048,1727.4615771770477,267322003,261417827,271997418,250658169,2048,38,2048,Llama-2-70b-chat-hf,4,What are some effective strategies for managing st,2086,32,argonne-swing,223,40960.0,37335.6875,40960.0,40161.6875,40960.0,40161.6875,40960.0,37989.6875
1715082875.793112,start-inference-D-8,1.9541492462158203,196698,222549,245821,229322,8,78,8,Llama-2-70b-chat-hf,4,Imagine you are an expert travel guide for Japan.,86,32,argonne-swing,223,40960.0,34399.6875,40960.0,35511.6875,40960.0,35511.6875,40960.0,31111.6875
1715082877.7841594,start-inference-D-16,4.161132335662842,383511,361293,370660,349241,16,78,16,Llama-2-70b-chat-hf,4,Imagine you are an expert travel guide for Japan.,94,32,argonne-swing,93,40960.0,34375.6875,40960.0,35483.6875,40960.0,35483.6875,40960.0,31087.6875
1715082881.9927895,start-inference-D-32,8.475521326065063,762618,722459,759124,715769,32,78,32,Llama-2-70b-chat-hf,4,Imagine you are an expert travel guide for Japan.,110,32,argonne-swing,199,40960.0,34375.6875,40960.0,35483.6875,40960.0,35483.6875,40960.0,31087.6875
1715082890.4899068,start-inference-D-64,17.465486526489258,1624582,1517841,1588221,1513657,64,78,64,Llama-2-70b-chat-hf,4,Imagine you are an expert travel guide for Japan.,142,32,argonne-swing,192,40960.0,34395.6875,40960.0,35505.6875,40960.0,35505.6875,40960.0,31109.6875
1715082907.9833405,start-inference-D-128,37.314305543899536,3615341,3375099,3486401,3323661,128,78,128,Llama-2-70b-chat-hf,4,Imagine you are an expert travel guide for Japan.,206,32,argonne-swing,222,40960.0,34429.6875,40960.0,35531.6875,40960.0,35531.6875,40960.0,31135.6875
1715082945.3299658,start-inference-D-256,83.33809614181519,8529074,7937519,8141047,7712621,256,78,256,Llama-2-70b-chat-hf,4,Imagine you are an expert travel guide for Japan.,334,32,argonne-swing,218,40960.0,34855.6875,40960.0,35615.6875,40960.0,35615.6875,40960.0,31369.6875
1715083028.7092874,start-inference-D-512,196.15468335151672,25086369,24099957,24470201,22388595,512,78,512,Llama-2-70b-chat-hf,4,Imagine you are an expert travel guide for Japan.,590,32,argonne-swing,84,40960.0,36599.6875,40960.0,36209.6875,40960.0,36207.6875,40960.0,32245.6875
1715083224.9303362,start-inference-D-1024,548.0962138175964,80005994,78497568,81277606,74764324,1024,78,1024,Llama-2-70b-chat-hf,4,Imagine you are an expert travel guide for Japan.,1102,32,argonne-swing,87,40960.0,37105.6875,40960.0,38269.6875,40960.0,38269.6875,40960.0,35607.6875
1715083773.1153352,start-inference-D-2048,1764.1998219490051,271139585,265877825,277317778,255848200,2048,78,2048,Llama-2-70b-chat-hf,4,Imagine you are an expert travel guide for Japan.,2126,32,argonne-swing,95,40960.0,38369.6875,40960.0,40863.6875,40960.0,40863.6875,40960.0,38509.6875
1715085537.3992963,start-inference-E-8,2.2586379051208496,283803,283134,292136,268529,8,154,8,Llama-2-70b-chat-hf,4,"As an AI language model, you possess the capabilit",162,32,argonne-swing,193,40960.0,34421.6875,40960.0,35531.6875,40960.0,35531.6875,40960.0,31131.6875
1715085539.696113,start-inference-E-16,5.082648515701294,499667,463758,488857,469981,16,154,16,Llama-2-70b-chat-hf,4,"As an AI language model, you possess the capabilit",170,32,argonne-swing,90,40960.0,34427.6875,40960.0,35505.6875,40960.0,35505.6875,40960.0,31109.6875
1715085544.8047857,start-inference-E-32,10.005360841751099,1007216,935573,976367,913734,32,154,32,Llama-2-70b-chat-hf,4,"As an AI language model, you possess the capabilit",186,32,argonne-swing,194,40960.0,34427.6875,40960.0,35529.6875,40960.0,35529.6875,40960.0,31133.6875
1715085554.8378692,start-inference-E-64,19.87956142425537,2014967,1882269,1949808,1837168,64,154,64,Llama-2-70b-chat-hf,4,"As an AI language model, you possess the capabilit",218,32,argonne-swing,193,40960.0,34441.6875,40960.0,35531.6875,40960.0,35531.6875,40960.0,31135.6875
1715085574.7495399,start-inference-E-128,42.31931924819946,4338602,4045946,4182528,3951032,128,154,128,Llama-2-70b-chat-hf,4,"As an AI language model, you possess the capabilit",282,32,argonne-swing,87,40960.0,34613.6875,40960.0,35575.6875,40960.0,35575.6875,40960.0,31249.6875
1715085617.102171,start-inference-E-256,93.48313879966736,10508993,9708153,9926916,9142130,256,154,256,Llama-2-70b-chat-hf,4,"As an AI language model, you possess the capabilit",410,32,argonne-swing,95,40960.0,35233.6875,40960.0,35755.6875,40960.0,35755.6875,40960.0,31561.6875
1715085710.6270745,start-inference-E-512,218.60136103630066,29922912,28757959,29442358,26834740,512,154,512,Llama-2-70b-chat-hf,4,"As an AI language model, you possess the capabilit",666,32,argonne-swing,86,40960.0,37379.6875,40960.0,36431.6875,40960.0,36429.6875,40960.0,32635.6875
1715085929.3057342,start-inference-E-1024,590.1171305179596,87812820,86117658,89689266,82529331,1024,154,1024,Llama-2-70b-chat-hf,4,"As an AI language model, you possess the capabilit",1173,32,argonne-swing,215,40960.0,38235.6875,40960.0,38661.6875,40960.0,38661.6875,40960.0,36171.6875
1715086519.5371015,start-inference-E-2048,1618.054609298706,251737713,246260117,256308573,236340294,2048,154,2048,Llama-2-70b-chat-hf,4,"As an AI language model, you possess the capabilit",2032,32,argonne-swing,194,40960.0,35307.6875,40960.0,39817.6875,40960.0,39815.6875,40960.0,36973.6875
1715088137.680525,start-inference-F-8,2.8492166996002197,341290,364709,388779,340146,8,267,8,Llama-2-70b-chat-hf,4,/* An improved random number generation package.,275,32,argonne-swing,89,40960.0,34503.6875,40960.0,35577.6875,40960.0,35579.6875,40960.0,31213.6875
1715088140.5676346,start-inference-F-16,6.322083473205566,685037,608515,653128,619576,16,267,16,Llama-2-70b-chat-hf,4,/* An improved random number generation package.,283,32,argonne-swing,210,40960.0,34551.6875,40960.0,35557.6875,40960.0,35557.6875,40960.0,31231.6875
1715088146.9173205,start-inference-F-32,12.22777795791626,1376003,1287650,1288492,1198708,32,267,32,Llama-2-70b-chat-hf,4,/* An improved random number generation package.,299,32,argonne-swing,211,40960.0,34627.6875,40960.0,35575.6875,40960.0,35575.6875,40960.0,31269.6875
1715088159.1782844,start-inference-F-64,25.002392053604126,2790293,2598693,2634034,2423547,64,267,64,Llama-2-70b-chat-hf,4,/* An improved random number generation package.,331,32,argonne-swing,217,40960.0,34791.6875,40960.0,35577.6875,40960.0,35577.6875,40960.0,31351.6875
1715088184.215921,start-inference-F-128,50.73573327064514,5783109,5482069,5562491,5025025,128,267,128,Llama-2-70b-chat-hf,4,/* An improved random number generation package.,395,32,argonne-swing,210,40960.0,35071.6875,40960.0,35665.6875,40960.0,35665.6875,40960.0,31493.6875
1715088235.0064907,start-inference-F-256,105.90170311927795,14252835,13647199,13960954,12248367,256,267,256,Llama-2-70b-chat-hf,4,/* An improved random number generation package.,523,32,argonne-swing,218,40960.0,35987.6875,40960.0,35991.6875,40960.0,35991.6875,40960.0,31951.6875
1715088340.960123,start-inference-F-512,250.47814345359802,36608119,35916435,36929690,33620977,512,267,512,Llama-2-70b-chat-hf,4,/* An improved random number generation package.,779,32,argonne-swing,89,40960.0,38577.6875,40960.0,36789.6875,40960.0,36789.6875,40960.0,33247.6875
1715088591.5095413,start-inference-F-1024,662.1383728981018,101576082,99422083,103742926,95233978,1024,267,1024,Llama-2-70b-chat-hf,4,/* An improved random number generation package.,1291,32,argonne-swing,90,40960.0,40247.6875,40960.0,39273.6875,40960.0,39275.6875,40960.0,37219.6875
