1714146368.15204,tokenizer,0.36428213119506836,16202,32,0,0,falcon-7b,1,startup,0,32,argonne-swing,22,40960.0,14925.6875
1714146368.5163221,model load,53.3805091381073,3130488,32,0,0,falcon-7b,1,startup,0,32,argonne-swing,22,40960.0,14925.6875
1714146421.9131973,start-inference-A-8,2.765953779220581,177274,8,8,8,falcon-7b,1,What is the largest city in France?,16,32,argonne-swing,26,40960.0,15021.6875
1714146424.6891944,start-inference-A-16,0.5040438175201416,70278,16,8,16,falcon-7b,1,What is the largest city in France?,24,32,argonne-swing,26,40960.0,15023.6875
1714146425.199451,start-inference-A-32,1.0229322910308838,152039,32,8,32,falcon-7b,1,What is the largest city in France?,40,32,argonne-swing,26,40960.0,15023.6875
1714146426.2309976,start-inference-A-64,1.9969122409820557,323519,64,8,64,falcon-7b,1,What is the largest city in France?,72,32,argonne-swing,26,40960.0,15025.6875
1714146428.2392457,start-inference-A-128,4.107945442199707,747346,128,8,128,falcon-7b,1,What is the largest city in France?,136,32,argonne-swing,26,40960.0,15027.6875
1714146432.3574374,start-inference-A-256,8.972232580184937,1987927,256,8,256,falcon-7b,1,What is the largest city in France?,264,32,argonne-swing,26,40960.0,15027.6875
1714146441.3396192,start-inference-A-512,21.576148509979248,6128644,512,8,512,falcon-7b,1,What is the largest city in France?,520,32,argonne-swing,26,40960.0,15027.6875
1714146462.9321973,start-inference-A-1024,68.59607219696045,23880572,1024,8,1024,falcon-7b,1,What is the largest city in France?,1032,32,argonne-swing,26,40960.0,15167.6875
1714146531.5459547,start-inference-A-2048,289.37542033195496,110371358,2048,8,2048,falcon-7b,1,What is the largest city in France?,2056,32,argonne-swing,20,40960.0,33669.6875
1714146820.956327,start-inference-B-8,0.277637243270874,51497,8,16,8,falcon-7b,1,Can you explain the difference between a simile an,24,32,argonne-swing,20,40960.0,15027.6875
1714146821.2416599,start-inference-B-16,0.5444004535675049,81467,16,16,16,falcon-7b,1,Can you explain the difference between a simile an,32,32,argonne-swing,20,40960.0,15027.6875
1714146821.7922604,start-inference-B-32,0.9972701072692871,170002,32,16,32,falcon-7b,1,Can you explain the difference between a simile an,48,32,argonne-swing,20,40960.0,15027.6875
1714146822.796494,start-inference-B-64,2.03635835647583,373263,64,16,64,falcon-7b,1,Can you explain the difference between a simile an,80,32,argonne-swing,20,40960.0,15031.6875
1714146824.8410256,start-inference-B-128,4.207318544387817,829631,128,16,128,falcon-7b,1,Can you explain the difference between a simile an,144,32,argonne-swing,20,40960.0,15031.6875
1714146829.059151,start-inference-B-256,9.080349922180176,2116864,256,16,256,falcon-7b,1,Can you explain the difference between a simile an,272,32,argonne-swing,20,40960.0,15031.6875
1714146838.1495273,start-inference-B-512,21.975577354431152,6415054,512,16,512,falcon-7b,1,Can you explain the difference between a simile an,528,32,argonne-swing,20,40960.0,15031.6875
1714146860.1356037,start-inference-B-1024,69.47151494026184,24181316,1024,16,1024,falcon-7b,1,Can you explain the difference between a simile an,1040,32,argonne-swing,20,40960.0,15171.6875
1714146929.621703,start-inference-B-2048,291.5742783546448,111499149,2048,16,2048,falcon-7b,1,Can you explain the difference between a simile an,2064,32,argonne-swing,20,40960.0,37125.6875
1714147221.2330635,start-inference-C-8,0.41452884674072266,58332,8,32,8,falcon-7b,1,What are some effective strategies for managing st,40,32,argonne-swing,24,40960.0,15027.6875
1714147221.6549873,start-inference-C-16,0.5154216289520264,84826,16,32,16,falcon-7b,1,What are some effective strategies for managing st,48,32,argonne-swing,24,40960.0,15027.6875
1714147222.1778982,start-inference-C-32,1.019515037536621,173576,32,32,32,falcon-7b,1,What are some effective strategies for managing st,64,32,argonne-swing,24,40960.0,15029.6875
1714147223.2058265,start-inference-C-64,2.0689785480499268,390903,64,32,64,falcon-7b,1,What are some effective strategies for managing st,96,32,argonne-swing,24,40960.0,15031.6875
1714147225.2830243,start-inference-C-128,4.312601566314697,889096,128,32,128,falcon-7b,1,What are some effective strategies for managing st,160,32,argonne-swing,24,40960.0,15033.6875
1714147229.6056771,start-inference-C-256,9.213148355484009,2261254,256,32,256,falcon-7b,1,What are some effective strategies for managing st,288,32,argonne-swing,24,40960.0,15033.6875
1714147238.8289795,start-inference-C-512,22.59320306777954,6687146,512,32,512,falcon-7b,1,What are some effective strategies for managing st,544,32,argonne-swing,24,40960.0,15033.6875
1714147261.432923,start-inference-C-1024,71.21581220626831,25049169,1024,32,1024,falcon-7b,1,What are some effective strategies for managing st,1056,32,argonne-swing,24,40960.0,15173.6875
1714147332.6652367,start-inference-C-2048,296.8249876499176,113487043,2048,32,2048,falcon-7b,1,What are some effective strategies for managing st,2080,32,argonne-swing,24,40960.0,16867.6875
1714147629.5164235,start-inference-D-8,0.2682058811187744,64861,8,61,8,falcon-7b,1,Imagine you are an expert travel guide for Japan.,69,32,argonne-swing,24,40960.0,15031.6875
1714147629.7959347,start-inference-D-16,0.52402663230896,96839,16,61,16,falcon-7b,1,Imagine you are an expert travel guide for Japan.,77,32,argonne-swing,24,40960.0,15031.6875
1714147630.3264449,start-inference-D-32,1.056938648223877,216996,32,61,32,falcon-7b,1,Imagine you are an expert travel guide for Japan.,93,32,argonne-swing,24,40960.0,15033.6875
1714147631.3913538,start-inference-D-64,2.1101088523864746,427864,64,61,64,falcon-7b,1,Imagine you are an expert travel guide for Japan.,125,32,argonne-swing,24,40960.0,15033.6875
1714147633.5134723,start-inference-D-128,4.462337255477905,994809,128,61,128,falcon-7b,1,Imagine you are an expert travel guide for Japan.,189,32,argonne-swing,24,40960.0,15033.6875
1714147637.9851725,start-inference-D-256,9.444902420043945,2451822,256,61,256,falcon-7b,1,Imagine you are an expert travel guide for Japan.,317,32,argonne-swing,24,40960.0,15033.6875
1714147647.438856,start-inference-D-512,23.623027086257935,7284395,512,61,512,falcon-7b,1,Imagine you are an expert travel guide for Japan.,573,32,argonne-swing,24,40960.0,15033.6875
1714147671.0745096,start-inference-D-1024,74.10521388053894,26356239,1024,61,1024,falcon-7b,1,Imagine you are an expert travel guide for Japan.,1085,32,argonne-swing,16,40960.0,15325.6875
1714147745.1939607,start-inference-D-2048,305.9484751224518,117216615,2048,61,2048,falcon-7b,1,Imagine you are an expert travel guide for Japan.,2109,32,argonne-swing,16,40960.0,26141.6875
1714148051.1672046,start-inference-E-8,0.29853105545043945,66634,8,125,8,falcon-7b,1,"As an AI language model, you possess the capabilit",133,32,argonne-swing,16,40960.0,15025.6875
1714148051.4728856,start-inference-E-16,0.5816264152526855,119480,16,125,16,falcon-7b,1,"As an AI language model, you possess the capabilit",141,32,argonne-swing,16,40960.0,15025.6875
1714148052.0613294,start-inference-E-32,1.1777558326721191,269772,32,125,32,falcon-7b,1,"As an AI language model, you possess the capabilit",157,32,argonne-swing,16,40960.0,15025.6875
1714148053.2477517,start-inference-E-64,2.361738681793213,607610,64,125,64,falcon-7b,1,"As an AI language model, you possess the capabilit",189,32,argonne-swing,16,40960.0,15025.6875
1714148055.617989,start-inference-E-128,4.924132823944092,1268281,128,125,128,falcon-7b,1,"As an AI language model, you possess the capabilit",253,32,argonne-swing,16,40960.0,15025.6875
1714148060.5509515,start-inference-E-256,10.107421636581421,2967842,256,125,256,falcon-7b,1,"As an AI language model, you possess the capabilit",381,32,argonne-swing,16,40960.0,15025.6875
1714148070.6675804,start-inference-E-512,25.989771366119385,8529024,512,125,512,falcon-7b,1,"As an AI language model, you possess the capabilit",637,32,argonne-swing,20,40960.0,15025.6875
1714148096.668856,start-inference-E-1024,80.94270992279053,29389293,1024,125,1024,falcon-7b,1,"As an AI language model, you possess the capabilit",1149,32,argonne-swing,16,40960.0,15319.6875
1714148177.6267965,start-inference-E-2048,326.7024657726288,125062275,2048,125,2048,falcon-7b,1,"As an AI language model, you possess the capabilit",2173,32,argonne-swing,24,40960.0,25923.6875
1714148504.3563867,start-inference-F-8,0.3336913585662842,86756,8,256,8,falcon-7b,1,/* An improved random number generation package.,264,32,argonne-swing,20,40960.0,15025.6875
1714148504.7007728,start-inference-F-16,0.6537346839904785,222529,16,256,16,falcon-7b,1,/* An improved random number generation package.,272,32,argonne-swing,20,40960.0,15025.6875
1714148505.363303,start-inference-F-32,1.3011713027954102,417700,32,256,32,falcon-7b,1,/* An improved random number generation package.,288,32,argonne-swing,20,40960.0,15025.6875
1714148506.6734107,start-inference-F-64,2.620349407196045,852864,64,256,64,falcon-7b,1,/* An improved random number generation package.,320,32,argonne-swing,20,40960.0,15025.6875
1714148509.30325,start-inference-F-128,5.418254613876343,1800283,128,256,128,falcon-7b,1,/* An improved random number generation package.,384,32,argonne-swing,24,40960.0,15025.6875
1714148514.7306194,start-inference-F-256,12.448145866394043,4258894,256,256,256,falcon-7b,1,/* An improved random number generation package.,512,32,argonne-swing,24,40960.0,15025.6875
1714148527.1880095,start-inference-F-512,31.76964020729065,11256262,512,256,512,falcon-7b,1,/* An improved random number generation package.,765,32,argonne-swing,24,40960.0,15025.6875
1714148558.9706433,start-inference-F-1024,96.36183023452759,36370338,1024,256,1024,falcon-7b,1,/* An improved random number generation package.,1271,32,argonne-swing,24,40960.0,15729.6875
1714148655.3493028,start-inference-F-2048,369.78632044792175,142391646,2048,256,2048,falcon-7b,1,/* An improved random number generation package.,2200,32,argonne-swing,20,40960.0,31455.6875
1714149025.18353,start-inference-G-8,0.5396225452423096,174023,8,515,8,falcon-7b,1,/*This is a version (aka ptmalloc2) of malloc/free,523,32,argonne-swing,24,40960.0,15027.6875
1714149025.7334883,start-inference-G-16,1.060880184173584,393244,16,515,16,falcon-7b,1,/*This is a version (aka ptmalloc2) of malloc/free,531,32,argonne-swing,24,40960.0,15027.6875
1714149026.802614,start-inference-G-32,2.120999574661255,759288,32,515,32,falcon-7b,1,/*This is a version (aka ptmalloc2) of malloc/free,547,32,argonne-swing,24,40960.0,15027.6875
1714149028.931864,start-inference-G-64,4.274909019470215,1535652,64,515,64,falcon-7b,1,/*This is a version (aka ptmalloc2) of malloc/free,579,32,argonne-swing,24,40960.0,15027.6875
1714149033.2156513,start-inference-G-128,8.756705284118652,3261485,128,515,128,falcon-7b,1,/*This is a version (aka ptmalloc2) of malloc/free,643,32,argonne-swing,24,40960.0,15027.6875
1714149041.98202,start-inference-G-256,19.016396045684814,7181754,256,515,256,falcon-7b,1,/*This is a version (aka ptmalloc2) of malloc/free,771,32,argonne-swing,24,40960.0,15027.6875
1714149061.0100834,start-inference-G-512,46.05897045135498,17677946,512,515,512,falcon-7b,1,/*This is a version (aka ptmalloc2) of malloc/free,1008,32,argonne-swing,24,40960.0,15169.6875
1714149107.084015,start-inference-G-1024,130.1599588394165,50878118,1024,515,1024,falcon-7b,1,/*This is a version (aka ptmalloc2) of malloc/free,1539,32,argonne-swing,24,40960.0,22353.6875
1714149237.2666216,start-inference-G-2048,465.93424701690674,179054331,2048,515,2048,falcon-7b,1,/*This is a version (aka ptmalloc2) of malloc/free,2553,32,argonne-swing,24,40960.0,21389.6875
1714149703.2285488,start-inference-H-8,1.0161399841308594,393669,8,1024,8,falcon-7b,1,"/void _quicksort (void *const pbase, size_t total_",1031,32,argonne-swing,25,40960.0,15177.6875
1714149704.2600107,start-inference-H-16,2.0276339054107666,788522,16,1024,16,falcon-7b,1,"/void _quicksort (void *const pbase, size_t total_",1040,32,argonne-swing,25,40960.0,15177.6875
1714149706.2989938,start-inference-H-32,4.137942314147949,1613025,32,1024,32,falcon-7b,1,"/void _quicksort (void *const pbase, size_t total_",1056,32,argonne-swing,25,40960.0,15177.6875
1714149710.4481916,start-inference-H-64,8.524457931518555,3326543,64,1024,64,falcon-7b,1,"/void _quicksort (void *const pbase, size_t total_",1085,32,argonne-swing,25,40960.0,15177.6875
1714149718.9850614,start-inference-H-128,17.335082054138184,6794717,128,1024,128,falcon-7b,1,"/void _quicksort (void *const pbase, size_t total_",1148,32,argonne-swing,25,40960.0,15339.6875
1714149736.3452349,start-inference-H-256,36.855820417404175,14515962,256,1024,256,falcon-7b,1,"/void _quicksort (void *const pbase, size_t total_",1280,32,argonne-swing,25,40960.0,15543.6875
1714149773.2140574,start-inference-H-512,83.83253717422485,33042394,512,1024,512,falcon-7b,1,"/void _quicksort (void *const pbase, size_t total_",1536,32,argonne-swing,25,40960.0,22075.6875
1714149857.0673418,start-inference-H-1024,218.90871334075928,85618878,1024,1024,1024,falcon-7b,1,"/void _quicksort (void *const pbase, size_t total_",2045,32,argonne-swing,25,40960.0,31013.625
1714150076.0077927,start-inference-H-2048,691.6142117977142,263708480,2048,1024,2048,falcon-7b,1,"/void _quicksort (void *const pbase, size_t total_",3055,32,argonne-swing,25,40960.0,21565.625
1714150767.649186,start-inference-I-8,2.554661989212036,958546,8,2050,8,falcon-7b,1,"#include <alloca.h>
#include <limits.h>
#include <",2058,32,argonne-swing,27,40960.0,18465.625
1714150770.223027,start-inference-I-16,5.12560248374939,1988455,16,2050,16,falcon-7b,1,"#include <alloca.h>
#include <limits.h>
#include <",2066,32,argonne-swing,27,40960.0,20773.625
1714150775.3701766,start-inference-I-32,10.559422254562378,4017246,32,2050,32,falcon-7b,1,"#include <alloca.h>
#include <limits.h>
#include <",2082,32,argonne-swing,27,40960.0,26613.625
1714150785.956611,start-inference-I-64,21.61690616607666,8210999,64,2050,64,falcon-7b,1,"#include <alloca.h>
#include <limits.h>
#include <",2114,32,argonne-swing,27,40960.0,37377.625
1714150807.6077023,start-inference-I-128,44.42576313018799,16846437,128,2050,128,falcon-7b,1,"#include <alloca.h>
#include <limits.h>
#include <",2178,32,argonne-swing,27,40960.0,35709.625
1714150852.0674224,start-inference-I-256,92.68220806121826,35179113,256,2050,256,falcon-7b,1,"#include <alloca.h>
#include <limits.h>
#include <",2306,32,argonne-swing,27,40960.0,39581.625
1714150944.7876325,start-inference-I-512,199.9882755279541,75951768,512,2050,512,falcon-7b,1,"#include <alloca.h>
#include <limits.h>
#include <",2562,32,argonne-swing,27,40960.0,29979.625
1714151144.805713,start-inference-I-1024,472.6075882911682,178196737,1024,2050,1024,falcon-7b,1,"#include <alloca.h>
#include <limits.h>
#include <",3072,32,argonne-swing,27,40960.0,20973.625
1714151617.4542418,start-inference-I-2048,1308.545767068863,479306070,2048,2050,2048,falcon-7b,1,"#include <alloca.h>
#include <limits.h>
#include <",4094,32,argonne-swing,27,40960.0,34043.6875
