1714146435.974388,tokenizer,0.25158262252807617,9973,32,0,0,Llama-2-7b-chat-hf,1,startup,0,32,argonne-swing,132,40960.0,14025.6875
1714146436.2259705,model load,42.2973108291626,2334033,32,0,0,Llama-2-7b-chat-hf,1,startup,0,32,argonne-swing,132,40960.0,14025.6875
1714146478.5365398,start-inference-A-8,2.041491746902466,120711,8,9,8,Llama-2-7b-chat-hf,1,What is the largest city in France?,17,32,argonne-swing,129,40960.0,14313.6875
1714146480.5861478,start-inference-A-16,0.47747254371643066,73305,16,9,16,Llama-2-7b-chat-hf,1,What is the largest city in France?,25,32,argonne-swing,129,40960.0,14315.6875
1714146481.071409,start-inference-A-32,0.938246488571167,138671,32,9,32,Llama-2-7b-chat-hf,1,What is the largest city in France?,41,32,argonne-swing,129,40960.0,14317.6875
1714146482.0158734,start-inference-A-64,1.8826231956481934,311206,64,9,64,Llama-2-7b-chat-hf,1,What is the largest city in France?,73,32,argonne-swing,129,40960.0,14351.6875
1714146483.906872,start-inference-A-128,3.810725688934326,705016,128,9,128,Llama-2-7b-chat-hf,1,What is the largest city in France?,137,32,argonne-swing,129,40960.0,14359.6875
1714146487.7268069,start-inference-A-256,7.6384265422821045,1832628,256,9,256,Llama-2-7b-chat-hf,1,What is the largest city in France?,265,32,argonne-swing,129,40960.0,14487.6875
1714146495.3789556,start-inference-A-512,19.017472505569458,5527912,512,9,512,Llama-2-7b-chat-hf,1,What is the largest city in France?,521,32,argonne-swing,129,40960.0,14487.6875
1714146514.4061253,start-inference-A-1024,57.619953870773315,18947115,1024,9,1024,Llama-2-7b-chat-hf,1,What is the largest city in France?,1033,32,argonne-swing,1,40960.0,14583.6875
1714146572.0353935,start-inference-A-2048,203.01608085632324,77636035,2048,9,2048,Llama-2-7b-chat-hf,1,What is the largest city in France?,2057,32,argonne-swing,139,40960.0,38291.6875
1714146775.0952592,start-inference-B-8,0.2456047534942627,33337,8,21,8,Llama-2-7b-chat-hf,1,Can you explain the difference between a simile an,29,32,argonne-swing,139,40960.0,14361.6875
1714146775.355176,start-inference-B-16,0.4824955463409424,82316,16,21,16,Llama-2-7b-chat-hf,1,Can you explain the difference between a simile an,37,32,argonne-swing,139,40960.0,14317.6875
1714146775.8439739,start-inference-B-32,0.9513256549835205,149032,32,21,32,Llama-2-7b-chat-hf,1,Can you explain the difference between a simile an,53,32,argonne-swing,139,40960.0,14317.6875
1714146776.801629,start-inference-B-64,1.9070382118225098,333042,64,21,64,Llama-2-7b-chat-hf,1,Can you explain the difference between a simile an,85,32,argonne-swing,139,40960.0,14353.6875
1714146778.7153466,start-inference-B-128,3.8258934020996094,786368,128,21,128,Llama-2-7b-chat-hf,1,Can you explain the difference between a simile an,149,32,argonne-swing,139,40960.0,14359.6875
1714146782.5484862,start-inference-B-256,7.819934844970703,1925985,256,21,256,Llama-2-7b-chat-hf,1,Can you explain the difference between a simile an,277,32,argonne-swing,139,40960.0,14487.6875
1714146790.3761206,start-inference-B-512,19.33237910270691,5915644,512,21,512,Llama-2-7b-chat-hf,1,Can you explain the difference between a simile an,533,32,argonne-swing,139,40960.0,14487.6875
1714146809.7172575,start-inference-B-1024,58.92688751220703,20356983,1024,21,1024,Llama-2-7b-chat-hf,1,Can you explain the difference between a simile an,1045,32,argonne-swing,139,40960.0,14583.6875
1714146868.654094,start-inference-B-2048,204.22192001342773,76545029,2048,21,2048,Llama-2-7b-chat-hf,1,Can you explain the difference between a simile an,2069,32,argonne-swing,132,40960.0,38799.6875
1714147072.915363,start-inference-C-8,0.2467806339263916,56094,8,38,8,Llama-2-7b-chat-hf,1,What are some effective strategies for managing st,46,32,argonne-swing,13,40960.0,14359.6875
1714147073.1749701,start-inference-C-16,0.4834928512573242,86089,16,38,16,Llama-2-7b-chat-hf,1,What are some effective strategies for managing st,54,32,argonne-swing,13,40960.0,14317.6875
1714147073.6708796,start-inference-C-32,0.9563767910003662,157597,32,38,32,Llama-2-7b-chat-hf,1,What are some effective strategies for managing st,70,32,argonne-swing,13,40960.0,14319.6875
1714147074.6338556,start-inference-C-64,1.9281110763549805,355729,64,38,64,Llama-2-7b-chat-hf,1,What are some effective strategies for managing st,102,32,argonne-swing,13,40960.0,14355.6875
1714147076.5714211,start-inference-C-128,3.834686756134033,819841,128,38,128,Llama-2-7b-chat-hf,1,What are some effective strategies for managing st,166,32,argonne-swing,13,40960.0,14359.6875
1714147080.4136827,start-inference-C-256,8.162601470947266,2084393,256,38,256,Llama-2-7b-chat-hf,1,What are some effective strategies for managing st,294,32,argonne-swing,13,40960.0,14487.6875
1714147088.585645,start-inference-C-512,19.591297149658203,6189736,512,38,512,Llama-2-7b-chat-hf,1,What are some effective strategies for managing st,550,32,argonne-swing,13,40960.0,14487.6875
1714147108.185656,start-inference-C-1024,59.748610973358154,20762765,1024,38,1024,Llama-2-7b-chat-hf,1,What are some effective strategies for managing st,1062,32,argonne-swing,13,40960.0,14845.6875
1714147167.9464183,start-inference-C-2048,208.01595258712769,79765370,2048,38,2048,Llama-2-7b-chat-hf,1,What are some effective strategies for managing st,2086,32,argonne-swing,4,40960.0,39313.6875
1714147376.0067413,start-inference-D-8,0.25470471382141113,57095,8,78,8,Llama-2-7b-chat-hf,1,Imagine you are an expert travel guide for Japan.,86,32,argonne-swing,132,40960.0,14391.6875
1714147376.2735243,start-inference-D-16,0.49741458892822266,101085,16,78,16,Llama-2-7b-chat-hf,1,Imagine you are an expert travel guide for Japan.,94,32,argonne-swing,132,40960.0,14355.6875
1714147376.7817879,start-inference-D-32,0.9783651828765869,183635,32,78,32,Llama-2-7b-chat-hf,1,Imagine you are an expert travel guide for Japan.,110,32,argonne-swing,132,40960.0,14357.6875
1714147377.767129,start-inference-D-64,2.1027064323425293,440852,64,78,64,Llama-2-7b-chat-hf,1,Imagine you are an expert travel guide for Japan.,142,32,argonne-swing,132,40960.0,14359.6875
1714147379.8929048,start-inference-D-128,3.834019184112549,952318,128,78,128,Llama-2-7b-chat-hf,1,Imagine you are an expert travel guide for Japan.,206,32,argonne-swing,132,40960.0,14359.6875
1714147383.7345042,start-inference-D-256,8.338236808776855,2394597,256,78,256,Llama-2-7b-chat-hf,1,Imagine you are an expert travel guide for Japan.,334,32,argonne-swing,132,40960.0,14487.6875
1714147392.08065,start-inference-D-512,20.56351089477539,6810224,512,78,512,Llama-2-7b-chat-hf,1,Imagine you are an expert travel guide for Japan.,590,32,argonne-swing,132,40960.0,14487.6875
1714147412.65521,start-inference-D-1024,58.547526121139526,20935502,1024,78,1024,Llama-2-7b-chat-hf,1,Imagine you are an expert travel guide for Japan.,1062,32,argonne-swing,132,40960.0,14843.6875
1714147471.2136197,start-inference-D-2048,213.9344036579132,81700090,2048,78,2048,Llama-2-7b-chat-hf,1,Imagine you are an expert travel guide for Japan.,2126,32,argonne-swing,132,40960.0,40349.6875
1714147685.1933825,start-inference-E-8,0.2492213249206543,53655,8,154,8,Llama-2-7b-chat-hf,1,"As an AI language model, you possess the capabilit",162,32,argonne-swing,4,40960.0,14389.6875
1714147685.4554121,start-inference-E-16,0.48966503143310547,137954,16,154,16,Llama-2-7b-chat-hf,1,"As an AI language model, you possess the capabilit",170,32,argonne-swing,4,40960.0,14349.6875
1714147685.9536915,start-inference-E-32,0.9538919925689697,287187,32,154,32,Llama-2-7b-chat-hf,1,"As an AI language model, you possess the capabilit",186,32,argonne-swing,4,40960.0,14349.6875
1714147686.9156883,start-inference-E-64,1.9066376686096191,559058,64,154,64,Llama-2-7b-chat-hf,1,"As an AI language model, you possess the capabilit",218,32,argonne-swing,132,40960.0,14349.6875
1714147688.8312976,start-inference-E-128,4.025173902511597,1222167,128,154,128,Llama-2-7b-chat-hf,1,"As an AI language model, you possess the capabilit",282,32,argonne-swing,132,40960.0,14479.6875
1714147692.8653715,start-inference-E-256,9.21999216079712,2927066,256,154,256,Llama-2-7b-chat-hf,1,"As an AI language model, you possess the capabilit",410,32,argonne-swing,132,40960.0,14481.6875
1714147702.0930355,start-inference-E-512,22.738322019577026,8012046,512,154,512,Llama-2-7b-chat-hf,1,"As an AI language model, you possess the capabilit",666,32,argonne-swing,132,40960.0,14487.6875
1714147724.8421469,start-inference-E-1024,68.28527283668518,25311536,1024,154,1024,Llama-2-7b-chat-hf,1,"As an AI language model, you possess the capabilit",1178,32,argonne-swing,132,40960.0,16779.6875
1714147793.1434238,start-inference-E-2048,220.88177037239075,85621166,2048,154,2048,Llama-2-7b-chat-hf,1,"As an AI language model, you possess the capabilit",2167,32,argonne-swing,132,40960.0,15743.6875
1714148014.04004,start-inference-F-8,0.31807398796081543,88538,8,267,8,Llama-2-7b-chat-hf,1,/* An improved random number generation package.,275,32,argonne-swing,132,40960.0,14483.6875
1714148014.3682334,start-inference-F-16,0.6201965808868408,188861,16,267,16,Llama-2-7b-chat-hf,1,/* An improved random number generation package.,283,32,argonne-swing,132,40960.0,14445.6875
1714148014.9966996,start-inference-F-32,1.239274024963379,415853,32,267,32,Llama-2-7b-chat-hf,1,/* An improved random number generation package.,299,32,argonne-swing,132,40960.0,14447.6875
1714148016.2429905,start-inference-F-64,2.483543634414673,783245,64,267,64,Llama-2-7b-chat-hf,1,/* An improved random number generation package.,331,32,argonne-swing,132,40960.0,14447.6875
1714148018.7350025,start-inference-F-128,5.077390432357788,1712351,128,267,128,Llama-2-7b-chat-hf,1,/* An improved random number generation package.,395,32,argonne-swing,132,40960.0,14449.6875
1714148023.8198907,start-inference-F-256,11.365310907363892,3887090,256,267,256,Llama-2-7b-chat-hf,1,/* An improved random number generation package.,523,32,argonne-swing,4,40960.0,14453.6875
1714148035.1942072,start-inference-F-512,23.669554710388184,8684199,512,267,512,Llama-2-7b-chat-hf,1,/* An improved random number generation package.,736,32,argonne-swing,4,40960.0,14545.6875
1714148058.874245,start-inference-F-1024,77.30746388435364,28915028,1024,267,1024,Llama-2-7b-chat-hf,1,/* An improved random number generation package.,1291,32,argonne-swing,4,40960.0,18875.6875
1714148136.1989076,start-inference-F-2048,247.76632356643677,96517320,2048,267,2048,Llama-2-7b-chat-hf,1,/* An improved random number generation package.,2315,32,argonne-swing,4,40960.0,20711.6875
1714148383.985329,start-inference-G-8,0.4349510669708252,183607,8,541,8,Llama-2-7b-chat-hf,1,/*This is a version (aka ptmalloc2) of malloc/free,549,32,argonne-swing,7,40960.0,14487.6875
1714148384.4324205,start-inference-G-16,0.8531897068023682,305784,16,541,16,Llama-2-7b-chat-hf,1,/*This is a version (aka ptmalloc2) of malloc/free,557,32,argonne-swing,7,40960.0,14453.6875
1714148385.295569,start-inference-G-32,1.7992641925811768,665020,32,541,32,Llama-2-7b-chat-hf,1,/*This is a version (aka ptmalloc2) of malloc/free,573,32,argonne-swing,7,40960.0,14453.6875
1714148387.104124,start-inference-G-64,3.42065691947937,1331288,64,541,64,Llama-2-7b-chat-hf,1,/*This is a version (aka ptmalloc2) of malloc/free,605,32,argonne-swing,7,40960.0,14455.6875
1714148390.5329685,start-inference-G-128,7.139755487442017,2786093,128,541,128,Llama-2-7b-chat-hf,1,/*This is a version (aka ptmalloc2) of malloc/free,669,32,argonne-swing,7,40960.0,14455.6875
1714148397.6844172,start-inference-G-256,15.898265600204468,6158102,256,541,256,Llama-2-7b-chat-hf,1,/*This is a version (aka ptmalloc2) of malloc/free,797,32,argonne-swing,7,40960.0,14545.6875
1714148413.592774,start-inference-G-512,39.78990197181702,14665696,512,541,512,Llama-2-7b-chat-hf,1,/*This is a version (aka ptmalloc2) of malloc/free,1053,32,argonne-swing,7,40960.0,14811.6875
1714148453.3948667,start-inference-G-1024,100.19916987419128,38666905,1024,541,1024,Llama-2-7b-chat-hf,1,/*This is a version (aka ptmalloc2) of malloc/free,1565,32,argonne-swing,7,40960.0,24867.6875
1714148553.61943,start-inference-G-2048,296.08611536026,115794909,2048,541,2048,Llama-2-7b-chat-hf,1,/*This is a version (aka ptmalloc2) of malloc/free,2589,32,argonne-swing,7,40960.0,30345.6875
1714148849.7333043,start-inference-H-8,0.7957234382629395,279217,8,986,8,Llama-2-7b-chat-hf,1,"/void _quicksort (void *const pbase, size_t total_",994,32,argonne-swing,133,40960.0,14731.6875
1714148850.54333,start-inference-H-16,1.566469430923462,576755,16,986,16,Llama-2-7b-chat-hf,1,"/void _quicksort (void *const pbase, size_t total_",1002,32,argonne-swing,133,40960.0,14705.6875
1714148852.121021,start-inference-H-32,3.1324191093444824,1128370,32,986,32,Llama-2-7b-chat-hf,1,"/void _quicksort (void *const pbase, size_t total_",1018,32,argonne-swing,133,40960.0,14705.6875
1714148855.262962,start-inference-H-64,6.322356700897217,2348795,64,986,64,Llama-2-7b-chat-hf,1,"/void _quicksort (void *const pbase, size_t total_",1050,32,argonne-swing,133,40960.0,14709.6875
1714148861.5944278,start-inference-H-128,12.835814714431763,4882145,128,986,128,Llama-2-7b-chat-hf,1,"/void _quicksort (void *const pbase, size_t total_",1114,32,argonne-swing,133,40960.0,15773.6875
1714148874.4425604,start-inference-H-256,26.390101671218872,10220437,256,986,256,Llama-2-7b-chat-hf,1,"/void _quicksort (void *const pbase, size_t total_",1242,32,argonne-swing,133,40960.0,18099.6875
1714148900.8490486,start-inference-H-512,58.058820486068726,22748766,512,986,512,Llama-2-7b-chat-hf,1,"/void _quicksort (void *const pbase, size_t total_",1498,32,argonne-swing,133,40960.0,23511.6875
1714148958.9320729,start-inference-H-1024,141.116441488266,55529599,1024,986,1024,Llama-2-7b-chat-hf,1,"/void _quicksort (void *const pbase, size_t total_",2010,32,argonne-swing,133,40960.0,36911.6875
1714149100.09115,start-inference-H-2048,385.1820058822632,152198473,2048,986,2048,Llama-2-7b-chat-hf,1,"/void _quicksort (void *const pbase, size_t total_",3034,32,argonne-swing,133,40960.0,23941.6875
1714149485.2975333,start-inference-I-8,1.617396593093872,622729,8,2134,8,Llama-2-7b-chat-hf,1,"#include <alloca.h>
#include <limits.h>
#include <",2142,32,argonne-swing,133,40960.0,15161.6875
1714149486.9299335,start-inference-I-16,3.1972200870513916,1268352,16,2134,16,Llama-2-7b-chat-hf,1,"#include <alloca.h>
#include <limits.h>
#include <",2150,32,argonne-swing,133,40960.0,15673.6875
1714149490.1400805,start-inference-I-32,6.36922812461853,2514237,32,2134,32,Llama-2-7b-chat-hf,1,"#include <alloca.h>
#include <limits.h>
#include <",2166,32,argonne-swing,133,40960.0,16207.6875
1714149496.5234325,start-inference-I-64,12.896170616149902,5114732,64,2134,64,Llama-2-7b-chat-hf,1,"#include <alloca.h>
#include <limits.h>
#include <",2198,32,argonne-swing,133,40960.0,17013.6875
1714149509.4340434,start-inference-I-128,26.247548818588257,10403954,128,2134,128,Llama-2-7b-chat-hf,1,"#include <alloca.h>
#include <limits.h>
#include <",2262,32,argonne-swing,133,40960.0,18927.6875
1714149535.6991317,start-inference-I-256,53.61865448951721,21298399,256,2134,256,Llama-2-7b-chat-hf,1,"#include <alloca.h>
#include <limits.h>
#include <",2390,32,argonne-swing,133,40960.0,23489.6875
1714149589.3438113,start-inference-I-512,111.3640649318695,44270885,512,2134,512,Llama-2-7b-chat-hf,1,"#include <alloca.h>
#include <limits.h>
#include <",2637,32,argonne-swing,133,40960.0,32729.6875
1714149700.7433329,start-inference-I-1024,256.78601574897766,101722475,1024,2134,1024,Llama-2-7b-chat-hf,1,"#include <alloca.h>
#include <limits.h>
#include <",3158,32,argonne-swing,133,40960.0,29543.6875
1714149957.5580935,start-inference-I-2048,638.669221162796,249067836,2048,2134,2048,Llama-2-7b-chat-hf,1,"#include <alloca.h>
#include <limits.h>
#include <",4182,32,argonne-swing,12,40960.0,35095.6875
